0; 0.013804444562468439
 1; 0.0365476684742212
 2; 0.05752694756994242
 3; 0.006053859286213093
 4; 0.016722633356711567
 5; 0.04665439441017273
 7; 0.029957959821206515
 8; 0.04792214491853007
 9; 0.024273873744314955
 10; 0.01838784896047466
 11; 0.011726946238119425
 12; 0.02330339568700835
 13; 0.006706304420457122
 14; 0.008751194663671386
 15; 0.03555748461266446
 16; 0.0031628558351090943
 17; 0.08963606500501643
 18; 0.007574297555675583
 19; 0.02412427010192373
 20; 0.03898934679606165
 21; 0.01895559371597273
 22; 0.005251045473961457
 23; 0.0
 24; 0.008186246645278302
 25; 0.06357340889819804
 26; 0.03627949745268181
 27; 0.011111111111111112
 28; 0.028012448665659075
 29; 0.011022034211047244
 30; 0.012186294979591065
 31; 0.044063816247862486
 32; 0.01113055714545472
 33; 0.015981065276341744
 35; 0.012982516583173252
 36; 0.02244007492610844
 37; 0.0215715597414031
 38; 0.028867020508939547
 39; 0.0
 41; 0.020176028709548266
 42; 0.02387673729085713
 43; 0.013452891393693118
 44; 0.07866554726862536
 46; 0.007868128655152082
 47; 0.017177371390592996
 48; 0.033666385656472196
 49; 0.008561778265469793
 50; 0.015225993972196072
 51; 0.04617337573110383
 53; 0.0
 54; 0.010489440777533663
 56; 0.022424208834823364
 57; 0.04116327392863707
 58; 0.0
 59; 0.022327590507292557
 60; 0.017414692902539615
 61; 0.019701172326049097
 62; 0.05345509202193513
 63; 0.0019392470416678988
 64; 0.016043588110627206
 65; 0.03779003544072643
 66; 0.0
 67; 0.017496113830871192
 68; 0.009773606109732736
 69; 0.0398388681623428
 70; 0.0022898153298525747
 71; 0.004119422029105456
 72; 0.06384365672976
 73; 0.03178868875796251
 74; 0.0194370105031185
 75; 0.020740667047736486
 77; 0.0294360613765806
 78; 0.0
 79; 0.00893878697269857
 80; 0.0137663724302458
 81; 0.018597349784500634
 82; 0.0031034204777221543
 83; 0.003711730713592911
 84; 0.007419183857731345
 85; 0.028774807103211102
 86; 0.031646463284649304
 87; 0.024341774908274973
 88; 0.011730913406891056
 89; 0.01716937263026649
 90; 0.003834615500734462
 91; 0.0012000581320879276
 93; 0.0035858899359830464
 96; 0.0
 97; 0.02874959115648129
 98; 0.00755288765996401
 99; 0.015423580488757391
 100; 0.008193806150289536
 101; 0.005690958982392875
 102; 0.0617402772324623
 103; 0.0
 104; 0.014937335579793674
 105; 0.023856157808671775
 106; 0.03718803553705054
 107; 0.006507067317123181
 108; 0.06223647307761843
 109; 0.0
 110; 0.01931640588530718
 111; 0.004919364318531805
 112; 0.006458372356334895
 113; 0.01707298161006991
 114; 0.06551699931013107
 115; 0.008666338833936598
 116; 0.014076886628097056
 117; 0.007047684882880414
 118; 0.05135598708525644
 119; 0.010811318828078603
 120; 0.008357664981610651
 121; 0.03758650618985814
 122; 0.010758573621702112
 123; 0.0
 124; 0.046737419970941226
 126; 0.009885492691285103
 127; 0.0
 129; 0.011111111111111112
 130; 0.019248707530830432
 131; 0.013519454411939894
 132; 0.01236248629637829
 133; 0.03563899005130247
 134; 0.027906117608166033
 135; 0.03408032084475288
 136; 0.028527626811191073
 137; 0.009348672388954659
 138; 0.003429004956006818
 139; 0.01526979917110271
 140; 0.002895645288568938
 141; 0.0021046794091486836
 142; 0.0033004739243100508
 143; 0.00417346740437988
 144; 0.03394877703975086
 145; 0.007111387302262536
 146; 0.004955693316959612
 147; 0.0027048272983292094
 148; 0.0032506913046950296
 149; 0.021856924370890856
 150; 0.02921636557111417
 151; 0.0
 152; 0.022537541774040843
 153; 0.002240329158392474
 154; 0.008111341379497806
 155; 0.022029998934095754
 156; 0.023856086888254482
 157; 0.010026283625225112
 158; 0.021700169442255106
 160; 0.029098837082273336
 161; 0.004810627333904802
 162; 0.0
 163; 0.01897523415457876
 165; 0.005484388928906402
 166; 0.0006460453326571135
 167; 0.001728887706541338
 168; 0.0023009191305280695
 169; 0.013004295862768862
 170; 0.007576248538566425
 171; 0.012791879933133092
 172; 0.019310057022739576
 173; 0.01846014629917577
 174; 0.011470295110617161
 175; 0.0
 177; 0.02596712934181441
 178; 0.023755301529975646
 180; 0.01442299424143
 181; 0.011008399146201752
 182; 0.003009302925504043
 183; 0.00024910584966450884
 184; 0.006869236681373826
 185; 0.011067639684958124
 186; 0.0
 187; 0.025519013368175376
 189; 0.010688421861606219
 190; 0.011111111111111112
 191; 0.006510253083536028
 193; 0.014758346522778548
 194; 0.003108982885519198
 195; 0.0
 197; 0.0040474018360424305
 198; 0.002886578384716188
 199; 0.009465173594596313