0; 4
 1; 6
 2; 7
 3; 3
 4; 4
 5; 6
 7; 5
 8; 5
 9; 5
 10; 4
 11; 3
 12; 4
 13; 3
 14; 3
 15; 7
 16; 2
 17; 9
 18; 3
 19; 5
 20; 6
 21; 5
 22; 2
 23; 1
 24; 3
 25; 6
 26; 5
 27; 2
 28; 5
 29; 3
 30; 3
 31; 6
 32; 3
 33; 3
 35; 6
 36; 5
 37; 5
 38; 5
 39; 1
 41; 4
 42; 5
 43; 3
 44; 8
 46; 3
 47; 4
 48; 5
 49; 3
 50; 4
 51; 6
 53; 1
 54; 3
 56; 5
 57; 6
 58; 1
 59; 3
 60; 5
 61; 4
 62; 6
 63; 2
 64; 4
 65; 6
 66; 1
 67; 4
 68; 3
 69; 5
 70; 2
 71; 2
 72; 8
 73; 6
 74; 4
 75; 5
 77; 5
 78; 1
 79; 3
 80; 4
 81; 4
 82; 2
 83; 2
 84; 3
 85; 6
 86; 6
 87; 5
 88; 3
 89; 5
 90; 2
 91; 2
 93; 2
 96; 1
 97; 5
 98; 3
 99; 4
 100; 3
 101; 2
 102; 8
 103; 1
 104; 3
 105; 3
 106; 6
 107; 3
 108; 7
 109; 1
 110; 4
 111; 2
 112; 3
 113; 4
 114; 8
 115; 2
 116; 3
 117; 2
 118; 6
 119; 4
 120; 3
 121; 5
 122; 4
 123; 1
 124; 7
 126; 3
 127; 1
 129; 2
 130; 4
 131; 4
 132; 4
 133; 4
 134; 5
 135; 5
 136; 6
 137; 3
 138; 2
 139; 3
 140; 2
 141; 2
 142; 2
 143; 3
 144; 5
 145; 3
 146; 2
 147; 2
 148; 2
 149; 4
 150; 5
 151; 1
 152; 4
 153; 2
 154; 3
 155; 4
 156; 6
 157; 4
 158; 5
 160; 6
 161; 2
 162; 1
 163; 5
 165; 2
 166; 2
 167; 2
 168; 2
 169; 3
 170; 3
 171; 4
 172; 4
 173; 4
 174; 3
 175; 1
 177; 4
 178; 5
 180; 4
 181; 3
 182; 3
 183; 2
 184; 3
 185; 3
 186; 1
 187; 5
 189; 3
 190; 2
 191; 3
 193; 4
 194; 2
 195; 1
 197; 2
 198; 2
 199; 4