0; 7
 1; 6
 2; 6
 3; 7
 4; 6
 5; 6
 7; 7
 8; 6
 9; 6
 10; 6
 11; 7
 12; 7
 13; 7
 14; 7
 15; 7
 16; 7
 17; 6
 18; 7
 19; 7
 20; 6
 21; 6
 22; 7
 23; 8
 24; 8
 25; 6
 26; 6
 27; 7
 28; 6
 29; 7
 30; 6
 31; 6
 32; 7
 33; 6
 35; 6
 36; 6
 37; 7
 38; 6
 39; 7
 41; 7
 42; 6
 43; 7
 44; 6
 46; 7
 47; 6
 48; 6
 49; 7
 50; 7
 51; 6
 53; 8
 54; 7
 56; 7
 57; 6
 58; 8
 59; 6
 60; 7
 61; 7
 62; 6
 63; 7
 64; 7
 65; 7
 66; 7
 67; 7
 68; 6
 69; 6
 70; 7
 71; 7
 72; 6
 73; 7
 74; 7
 75; 6
 77; 7
 78; 8
 79; 7
 80; 6
 81; 6
 82; 6
 83; 7
 84; 6
 85; 6
 86; 6
 87; 7
 88; 6
 89; 6
 90; 7
 91; 7
 93; 7
 96; 8
 97; 6
 98; 7
 99; 7
 100; 7
 101; 7
 102; 6
 103; 8
 104; 7
 105; 7
 106; 6
 107; 6
 108; 7
 109; 8
 110; 7
 111; 7
 112; 7
 113; 7
 114; 6
 115; 7
 116; 7
 117; 8
 118; 6
 119; 7
 120; 6
 121; 6
 122; 6
 123; 8
 124; 6
 126; 6
 127; 7
 129; 7
 130; 7
 131; 7
 132; 6
 133; 6
 134; 7
 135; 6
 136; 6
 137; 7
 138; 7
 139; 7
 140; 8
 141; 8
 142; 7
 143; 7
 144; 6
 145; 7
 146; 7
 147; 7
 148; 8
 149; 6
 150; 6
 151; 8
 152; 6
 153; 6
 154; 7
 155; 7
 156; 7
 157; 7
 158; 6
 160; 6
 161; 7
 162; 8
 163; 6
 165; 7
 166; 7
 167; 8
 168; 6
 169; 8
 170; 6
 171; 7
 172; 6
 173; 7
 174; 6
 175; 7
 177; 7
 178; 7
 180; 7
 181; 7
 182; 7
 183; 8
 184; 7
 185; 7
 186; 7
 187; 6
 189; 7
 190; 7
 191; 7
 193; 7
 194; 7
 195; 8
 197; 7
 198; 7
 199; 6